Function dimenssion: 5
0.00012524449871909347, 0.00012524449871909347, 0.00012524449871909347, 0.00012524449871909347, 0.00012524449871909347, 0.00012524449871909347, 0.00012524449871909347, 0.00012524449871909347, 0.00012524449871909347, 0.00012524449871909347, 0.00012524449871909347, 0.00012524449871909347, 0.00012524449871909347, 0.00012524449871909347, 0.00012524449871909347, 0.00012524449871909347, 0.00012524449871909347, 0.00012524449871909347, 0.00012524449871909347, 0.00012524449871909347, 0.00012524449871909347, 0.00012524449871909347, 0.00012524449871909347, 0.00012524449871909347, 0.00012524449871909347, 0.00012524449871909347, 0.00012524449871909347, 0.00012524449871909347, 0.00012524449871909347, 0.00012524449871909347, 
 MINIMUM: 0.00012524449871909347
 TIME: 3.6125562566333733
Standard Deviation: 0.0
Avg result: 0.00012524449871909347

Function dimenssion: 5
0.00012524449871909347, 0.00012524449871909347, 0.00012524449871909347, 0.00012524449871909347, 0.00012524449871909347, 0.00012524449871909347, 0.00012524449871909347, 0.00012524449871909347, 0.00012524449871909347, 0.00012524449871909347, 0.00012524449871909347, 0.00012524449871909347, 0.00012524449871909347, 0.00012524449871909347, 0.00012524449871909347, 0.00012524449871909347, 0.00012524449871909347, 0.00012524449871909347, 0.00012524449871909347, 0.00012524449871909347, 0.00012524449871909347, 0.00012524449871909347, 0.00012524449871909347, 0.00012524449871909347, 0.00012524449871909347, 0.00012524449871909347, 0.00012524449871909347, 0.00012524449871909347, 0.00012524449871909347, 0.00012524449871909347, 
 MINIMUM: 0.00012524449871909347
 TIME: 0.4697804859000219
Standard Deviation: 0.0
Avg result: 0.00012524449871909347

Function dimenssion: 10
0.0002504889974381869, 0.0002504889974381869, 0.0002504889974381869, 0.0002504889974381869, 0.0002504889974381869, 0.0002504889974381869, 0.0002504889974381869, 0.0002504889974381869, 0.0002504889974381869, 0.0002504889974381869, 0.0002504889974381869, 0.0002504889974381869, 0.0002504889974381869, 0.0002504889974381869, 0.0002504889974381869, 0.0002504889974381869, 0.0002504889974381869, 0.0002504889974381869, 0.0002504889974381869, 0.0002504889974381869, 0.0002504889974381869, 0.0002504889974381869, 0.0002504889974381869, 0.0002504889974381869, 0.0002504889974381869, 0.0002504889974381869, 0.0002504889974381869, 0.0002504889974381869, 0.0002504889974381869, 0.0002504889974381869, 
 MINIMUM: 0.0002504889974381869
 TIME: 27.31230907469999
Standard Deviation: 0.0
Avg result: 0.0002504889974381869

Function dimenssion: 10
0.0002504889974381869, 0.0002504889974381869, 0.0002504889974381869, 0.0002504889974381869, 0.0002504889974381869, 0.0002504889974381869, 0.0002504889974381869, 0.0002504889974381869, 0.0002504889974381869, 0.0002504889974381869, 0.0002504889974381869, 0.0002504889974381869, 0.0002504889974381869, 0.0002504889974381869, 0.0002504889974381869, 0.0002504889974381869, 0.0002504889974381869, 0.0002504889974381869, 0.0002504889974381869, 0.0002504889974381869, 0.0002504889974381869, 0.0002504889974381869, 0.0002504889974381869, 0.0002504889974381869, 0.0002504889974381869, 0.0002504889974381869, 0.0002504889974381869, 0.0002504889974381869, 0.0002504889974381869, 0.0002504889974381869, 
 MINIMUM: 0.0002504889974381869
 TIME: 2.0040305488333616
Standard Deviation: 0.0
Avg result: 0.0002504889974381869

Function dimenssion: 30
0.0007514669923145606, 
 MINIMUM: 0.0007514669923145606
 TIME: 24.003134794066682
Standard Deviation: 0.0
Avg result: 0.0007514669923145606

Function dimenssion: 30
0.0007514669923145606, 0.0007514669923145606, 0.0007514669923145606, 0.0007514669923145606, 0.0007514669923145606, 0.0007514669923145606, 0.0007514669923145606, 0.0007514669923145606, 0.0007514669923145606, 0.0007514669923145606, 0.0007514669923145606, 0.0007514669923145606, 0.0007514669923145606, 0.0007514669923145606, 0.0007514669923145606, 0.0007514669923145606, 0.0007514669923145606, 0.0007514669923145606, 0.0007514669923145606, 0.0007514669923145606, 0.0007514669923145606, 0.0007514669923145606, 0.0007514669923145606, 0.0007514669923145606, 0.0007514669923145606, 0.0007514669923145606, 0.0007514669923145606, 0.0007514669923145606, 0.0007514669923145606, 0.0007514669923145606, 
 MINIMUM: 0.0007514669923145606
 TIME: 20.90326164716668
Standard Deviation: 2.168404344971009e-19
Avg result: 0.0007514669923145604

