Function dimenssion: 5
-3.6875687404721886, -3.698064325892163, -3.6714068386656304, -3.6980628471028294, -3.6875687404721886, -3.698064325892163, -3.696377452585635, -3.696377452585635, -3.6980628471028294, -3.696377452585635, -3.671405359876297, -3.696377452585635, -3.698064325892163, -3.669244911920555, -3.6980628471028294, -3.698064325892163, -3.698064325892163, -3.696377452585635, -3.6875687404721886, -3.6980628471028294, -3.6980628471028294, -3.696378931374969, -3.696378931374969, -3.6959023991470876, -3.698064325892163, -3.696378931374969, -3.698064325892163, -3.6714068386656304, -3.6714068386656304, -3.6980628471028294, 
 MINIMUM: -3.698064325892163
 TIME: 1.8689242655999503
Standard Deviation: 0.00986510127951088
Avg result: -3.6919776943090867

Function dimenssion: 5
-3.695900920357754, -3.689252656200049, -3.698064325892163, -3.689254134989383, -3.6643396574033136, -3.6959023991470876, -3.695900920357754, -3.6697214441484363, -3.6875687404721886, -3.689252656200049, -3.689254134989383, -3.666500105359055, -3.6625951689735166, -3.698064325892163, -3.689252656200049, -3.689254134989383, -3.696378931374969, -3.6980628471028294, -3.695900920357754, -3.689252656200049, -3.6643396574033136, -3.698064325892163, -3.69421552584056, -3.689254134989383, -3.689254134989383, -3.687567261682855, -3.6959023991470876, -3.689254134989383, -3.689254134989383, -3.696377452585635, 
 MINIMUM: -3.698064325892163
 TIME: 0.37729824263333284
Standard Deviation: 0.010762637580790817
Avg result: -3.688105229970549

Function dimenssion: 10
-8.079526730689194, -8.39030281866768, -8.222554001007225, -8.359404040068119, -8.03586126003546, -8.152989725723979, -8.00038228975405, -8.353733140696397, -8.176075711461767, -7.959792596913162, -8.246293843336666, -8.386867770467383, -8.484422797346536, -8.26325129633538, -8.412550866630056, -8.146142448396105, -8.383284536588171, -8.146525500140925, -8.023699740458213, -8.30614461246275, -8.377381578906789, -8.239369904839755, -8.10488944727269, -8.364406868142046, -8.209528242320655, -8.024971375990667, -8.299175005729758, -8.202573905620874, -8.411373402926138, -7.965296586499881, 
 MINIMUM: -8.484422797346536
 TIME: 13.855304705566716
Standard Deviation: 0.14923248828581417
Avg result: -8.224292401514283

Function dimenssion: 10
-7.907167829622541, -8.107844992110984, -8.091402290317266, -7.618234843854848, -8.353255058458696, -8.08224372478039, -7.85511534329115, -7.610116312340282, -7.97210448969222, -8.004608024044888, -8.220401808756474, -7.7579508418636784, -7.995340903951318, -8.067919968762624, -7.975654351774738, -8.04777750728016, -8.068395035865358, -8.032231474654779, -7.642067868255231, -7.907722052709516, -8.313821039594153, -8.289544919096464, -7.844722393858834, -8.451652551659034, -7.8385412826562035, -8.001002228148018, -7.806003087597497, -8.23121341859849, -8.054352098167058, -8.050542287640228, 
 MINIMUM: -8.451652551659034
 TIME: 1.6577441736333034
Standard Deviation: 0.2056289442917021
Avg result: -8.00663166764677

Function dimenssion: 30
-25.609356736111557, 
 MINIMUM: -25.609356736111557
 TIME: 10.26554646846671
Standard Deviation: 0.0
Avg result: -25.609356736111557

Function dimenssion: 30
-24.324964074258716, -23.893211662959114, -23.099992751427003, -23.16188194365948, -22.770548166371302, -22.980392687543493, -23.231760427422255, -23.46912808988816, -23.6129303973645, -23.212622398348692, -23.351159557618857, -23.614767584564945, -23.067317918044804, -23.70169749926224, -23.831243090719905, -23.17477315575981, -22.64416088214842, -23.1927751336401, -23.201963862632912, -23.352548697354298, -23.581758407055442, -22.479919544857577, -23.739012013525407, -23.00113029204832, -23.451488991733157, -23.138448560128744, -23.288256456337955, -22.6861756251145, -22.64341827906002, -23.943231516409185, 
 MINIMUM: -24.324964074258716
 TIME: 16.776733371833323
Standard Deviation: 0.4225271337959506
Avg result: -23.29475598890865

