Function dimenssion: 5
2.304743259353069, 1.3145494045008626, 1.0389406492921012, 1.314549404500866, 1.0150393352308509, 2.0052331900830556, 2.005233190083059, 2.029134504144311, 2.304743259353069, 1.0150393352308509, 1.3145494045008626, 1.0150393352308527, 2.304743259353069, Function dimenssion: 5
1.015039335230849, 2.304743259353069, 1.0150393352308509, 1.015039335230849, 1.0389406492921047, 2.0530358182055632, 1.314549404500866, 0.024845480378644424, 1.0150393352308527, 2.0052331900830556, 1.0389406492921012, 2.6042533286230807, 1.3145494045008626, 1.3145494045008626, 1.0150393352308527, 2.3047432593530743, 2.0052331900830556, 1.0150393352308509, 1.314549404500866, 2.304743259353069, 2.005233190083059, 2.029134504144311, 1.3145494045008626, 1.3145494045008626, 2.304743259353071, 0.024845480378644424, 3.2949371142052755, 1.3145494045008626, 1.0150393352308527, 2.304743259353069, 
 MINIMUM: 0.024845480378644424
 TIME: 2.4736998704666653
Standard Deviation: 0.7226059478694422
Avg result: 1.531849002321875

Function dimenssion: 5
3.019328358996523, 2.005233190083061, 1.0389406492921047, 0.024845480378644424, 2.3047432593530672, 6.029645866097434, 2.304743259353069, 2.304743259353069, 3.6183484975365428, 3.019328358996516, 2.995427044935264, 4.3090322831187375, 2.6042533286230842, 2.304743259353069, 1.0389406492921047, 2.9954270449352656, 2.0052331900830573, 1.0150393352308509, 2.304743259353071, 1.314549404500866, 2.029134504144311, 2.328644573414323, 0.024845480378644424, 1.3145494045008626, 1.3145494045008626, 1.314549404500866, 1.0150393352308527, 1.314549404500866, 2.0052331900830556, 0.024845480378644424, 
 MINIMUM: 0.024845480378644424
 TIME: 0.47563749350000156
Standard Deviation: 1.2513446663790433
Avg result: 2.041440972016623

Function dimenssion: 10
9.01319948894537, 5.899190442828349, 6.889384297680557, 6.961088239864317, 5.599680373558334, 4.908996587976141, 8.042945661800125, 4.333877763497368, 4.633387832767381, 6.290364159140527, 4.333877763497368, 4.333877763497362, 8.502499605134041, 7.212795681011823, 3.3436839086451595, 3.3197825945839092, 5.899190442828344, 4.908996587976141, 7.580068083262747, 7.236696995073075, 5.048462863140825, 7.188894366950571, 6.605708856893592, 10.003393343797585, 6.314265473201775, 6.913285611741816, 8.04294566180012, 4.932897902037407, 4.609486518706126, 8.286586497327981, 
 MINIMUM: 3.3197825945839092
 TIME: 18.51657389943333
Standard Deviation: 1.6753589839294252
Avg result: 6.239650378972209

Function dimenssion: 10
7.512305750281829, 6.290364159140532, 11.24527496264584, 12.402797613119716, 13.61273098943853, 5.599680373558339, 12.2115675034368, 11.32887200406837, 5.623581687619582, 8.641965800340147, 10.602413482337617, 10.118938547790997, 11.664311199415021, 13.612730989438532, 11.18940572890371, 5.599680373558336, 7.631831917780989, 7.903479466594014, 10.590385590363677, 11.93595874822804, 10.051195971920087, 6.589874228410544, 11.273002690367662, 8.179088221802775, 9.312709558215388, 9.324582980302708, 10.901923551607627, 11.304970690007112, 8.965377183671421, 8.594163252176212, 
 MINIMUM: 5.599680373558336
 TIME: 2.0898570904000127
Standard Deviation: 2.2950771656407136
Avg result: 9.66050550721807

Function dimenssion: 30
31.547466320287164, 
 MINIMUM: 31.547466320287164
 TIME: 16.125237192466678
Standard Deviation: 0.0
Avg result: 31.547466320287164

Function dimenssion: 30
47.1703555067859, 41.96389181197832, 44.471575960928845, 42.24620816979662, 47.10672868715595, 57.866505589885186, 51.61806428868007, 40.905800751451366, 44.24392438368786, 55.930113691835594, 48.572455226694714, 50.879577954933914, 54.412623317778596, 49.33025453388964, 45.7771342706442, 48.277624581740554, 48.7749211073142, 38.86997734341333, 53.86465482211492, 43.984169934113666, 45.6210516829347, 53.93495764026312, 46.70579045373654, 52.05004039406856, 51.07596007330422, 55.162425351856754, 48.58504670678508, 40.247084885550194, 51.09931747640045, 49.342127796059884, 
 MINIMUM: 38.86997734341333
 TIME: 22.603103837900015
Standard Deviation: 4.831947862872059
Avg result: 48.33634547985944

