Function dimenssion: 5
-2094.7026039139923, -2094.598590884368, -2094.702592242101, -2068.028230150275, -2026.27948786558, -2094.5973231501657, -2033.6574890820716, -2060.5443259747462, -2067.7123878587945, -2094.8078613340376, -2094.807884677819, -2094.597945345376, -1976.3695502244295, -2094.49267625344, -2094.598590884368, -2094.5973231501657, -2060.5424243734424, -2094.4932984486504, -2060.438411343818, -2094.5973231501657, -1975.5641252198227, -2094.5979570172667, -2094.4932984486504, -2060.4390335390285, -2094.8085068730297, -2060.4390452109196, -2094.8078846778194, -2060.4390335390285, -1976.2641039052864, -2060.333752775202, 
 MINIMUM: -2094.8085068730297
 TIME: 14.522302893633334
Standard Deviation: 36.52308490940694
Avg result: -2068.7117687171285

Function dimenssion: 5
-2033.7627698458982, -1999.3932965118975, -2026.2788656703694, -2060.228483683266, -1963.6683845668622, -2060.438399671927, -2067.8176569507305, -1941.8895449254337, -2033.6581229491726, -1972.345841213838, -2006.7731876578018, -1999.3939187071078, -2060.438399671927, -2060.6485374000413, -2033.6581229491726, -2060.4383996719275, -1999.2886496151718, -2026.1742071017532, -2060.438411343818, -2033.6587334724923, -2033.6587334724923, -1972.240560450011, -2094.598590884368, -1941.2992987825473, -1999.3939187071078, -1976.3638635518314, -1991.9093923363685, -2067.8176686226216, -1999.3939187071078, -2026.2788539984786, 
 MINIMUM: -2094.598590884368
 TIME: 1.6916731340666653
Standard Deviation: 39.16531984035554
Avg result: -2020.1115577697847

Function dimenssion: 10
-3913.6457621915956, -3799.72199161904, -3830.173677822355, -3849.9398382476506, -3884.094920470457, -3997.117649194014, -3914.236020006373, -4036.1084161788963, -3802.734898204889, -4120.562248130359, -3905.6623779933507, -3955.1287240675533, -3734.1012323007135, -3936.120564211168, -4086.8221106346937, -3764.0453903730813, -3721.2689729802846, -3952.523276048147, -3952.6290251237583, -4036.807510800438, -3951.8296471182484, -4155.036368361085, -3905.6642679227634, -4036.42140664284, -3918.364820881693, -3901.7517364161586, -3952.033047796028, -4005.899939461496, -4032.5751571598757, -3920.8632754350674, 
 MINIMUM: -4155.036368361085
 TIME: 109.49934636096668
Standard Deviation: 105.30125385029822
Avg result: -3932.462809126469

Function dimenssion: 10
-3851.618103559202, -3771.19313383123, -3758.8287663826327, -3703.1047605070585, -3852.334268099509, -3758.8279341198604, -4001.7383323215763, -3955.7877045637833, -3733.178958011504, -3765.761067358477, -3683.9818353107967, -3878.3966887482147, -3736.4524805641913, -3748.9374096933975, -3582.9915971556193, -3772.2809817393118, -3887.0747675904017, -3797.93360523455, -3726.7129768606555, -3722.1628291398147, -3809.8681052121956, -3836.858321267394, -3816.9810161784662, -3585.909895358207, -3841.794446148537, -3675.2238116100466, -3733.7215360135906, -3680.512040957857, -3721.4057649876363, -3725.799276933162, 
 MINIMUM: -4001.7383323215763
 TIME: 7.442704101966683
Standard Deviation: 91.65631189886342
Avg result: -3770.5790805152956

Function dimenssion: 30
-11007.644198014572, 
 MINIMUM: -11007.644198014572
 TIME: 98.90282352650001
Standard Deviation: 0.0
Avg result: -11007.644198014572

Function dimenssion: 30
-10481.70851214652, -10603.283036955298, -10417.16797498004, -10335.233674255143, -10364.73760090365, -10496.035976431043, -10801.333786842855, -10396.647676633293, -10798.529324556017, -10348.994011180605, -10641.524280460617, -10523.082586221499, -10296.75475191122, -10551.804191818223, -10581.334424443196, -10760.271228486708, -10574.827213788276, -10459.890080149284, -10733.85629958132, -10527.187744419469, -10471.24978507541, -10468.358902150478, -10409.299310527615, -10338.85416119984, -10349.698647119372, -10376.396782316144, -10600.69976211879, -10672.072505077098, -10392.585186758888, -10441.713985762044, 
 MINIMUM: -10801.333786842855
 TIME: 81.56452896026667
Standard Deviation: 142.04552342718156
Avg result: -10507.171113475666

