Function dimenssion: 5
-1982.1671621695095, -1976.2434520262177, -1947.2181663204321, -1976.2550574563284, -2094.7941950951745, -1976.465183842935, -1976.3544361332522, -1856.877051769389, -1845.428357960033, -1823.7644002375673, -1976.2616783502751, -1668.0569093919319, -2094.695301636309, -1895.2376774614463, -1976.4657626469677, -1726.8840605894884, -1742.0832521117236, -2060.434681545893, -1955.4160515029093, -1976.3647402694712, -1742.647036112515, -1963.6611168205623, -1976.0278926954848, -1742.083620962224, -1971.2032847895432, -2060.329066030269, -2094.5927407170875, -1742.1890677421432, -1902.2327624571426, -2060.648405190001, 
 MINIMUM: -2094.7941950951745
 TIME: 1.4336754195667405
Standard Deviation: 120.03706123141757
Avg result: -1926.1027524011408

Function dimenssion: 10
-3918.3294834488993, -3955.889575452601, -3918.216136642315, -3768.346119980942, -3799.182909216988, -3740.559635007019, -3968.2633562839355, -3467.45510259417, -3836.8444244682014, -3886.116963615468, -3849.7013237056894, -4052.6611007720694, -3447.6164738021776, -4002.6052160705617, -3701.8346692320633, -3875.9329343719464, -3729.679067986438, -3998.407604770062, -3617.63271497228, -3785.7853771722794, -3681.67945227725, -3546.026356260077, -3884.4172376263004, -3764.0378281522685, -3858.8949954378713, -3645.6893981248445, -3809.0846179735922, -3884.2924210090773, -3936.095854447073, -3939.923484303739, 
 MINIMUM: -4052.6611007720694
 TIME: 5.560861596366643
Standard Deviation: 151.24254403191068
Avg result: -3809.040061172607

Function dimenssion: 30
-11439.096756348843, -10901.16772326721, -11233.793114091715, -11508.151219689167, -11326.561018286251, -11092.34524262166, -10733.305254564932, -11622.857888520244, -11704.02330266388, -11944.805750630434, -10953.398829688846, -11421.266244666605, -11523.440714542174, -11576.696376310376, -11387.143936841545, -11682.951369616769, -11083.39670951586, -11231.208881074053, -11461.485480423016, -11813.580328949256, -11036.07181125416, -11801.268702611189, -11825.927783312194, -10883.770701551315, -11792.609232135444, -10891.094577343229, -11457.221121712277, -11280.633545410701, -10988.884311767537, -10921.114318196645, 
 MINIMUM: -11944.805750630434
 TIME: 49.4133608333667
Standard Deviation: 336.67722785744246
Avg result: -11350.642408253585

