Function dimenssion: 5
0.0105455867921481, 0.0009268092905213362, 0.0055358068433841645, 0.0029307212700268675, 0.00974402200034582, 0.007940501218790873, 0.0023295476761752186, 0.003932677259779678, 0.0011272004884718858, 0.0007264180925707422, 0.006938545229038063, 0.0027303300720763622, 0.006938545229038091, 0.0069385452290380905, 0.0027303300720763622, 0.003732286061829181, 0.0027303300720763176, 0.007740110020840279, 0.0019287652802740841, 0.004533850853631345, 0.004533850853631371, 0.005736198041334714, 0.003131112467977417, 0.002529938874125866, 0.003932677259779749, 0.007539718822889668, 0.009944413198296405, 0.0019287652802740397, 0.003932677259779723, 0.0019287652802741284, 
 MINIMUM: 0.0007264180925707422
 TIME: 0.5023043441332751
Standard Deviation: 0.002754024480197773
Avg result: 0.004593968213016533

Function dimenssion: 10
0.022293520771999593, 0.020489999990444457, 0.013676699260125559, 0.029908386294120688, 0.02590056233510952, 0.02309508556380187, 0.025499779939208374, 0.023495867959703078, 0.026501735928961257, 0.014879046447828762, 0.032713863065428415, 0.014879046447828894, 0.026100953533060106, 0.018686479208889595, 0.01788491441708733, 0.015480220041680525, 0.01087122248881775, 0.027503691918713925, 0.020890782386345744, 0.01868647920888954, 0.02990838629412058, 0.015079437645779396, 0.021692347178147876, 0.03030916869002183, 0.019888826396592767, 0.01888687040684009, 0.01828569681298833, 0.04233264056705541, 0.01728374082323561, 0.026902518324862342, 
 MINIMUM: 0.01087122248881775
 TIME: 1.9840092591667295
Standard Deviation: 0.006630778906167976
Avg result: 0.02233359901158964

Function dimenssion: 30
0.07128916867091083, 0.12399205373190783, 0.12419244492985818, 0.10635762831225873, 0.10375254273890143, 0.10054628357169233, 0.09333220044547232, 0.08852281169465885, 0.1352139608171388, 0.12258931534625363, 0.09573689482087883, 0.09253063565367006, 0.09092750607006565, 0.08030677257868582, 0.11056584346922003, 0.1239920537319078, 0.10715919310406062, 0.11717875300158882, 0.11397249383437982, 0.11497444982413244, 0.1610644253527609, 0.09794119799833531, 0.13260887524378173, 0.1556538630080958, 0.07770168700532872, 0.10976427867741818, 0.09233024445571955, 0.06307312955493805, 0.09553650362292858, 0.10916310508356633, 
 MINIMUM: 0.06307312955493805
 TIME: 17.10873479143338
Standard Deviation: 0.02196862380393053
Avg result: 0.10706567721168389

