Function dimenssion: 5
5.291159452392737, 8.261741016949353, 2.328644573414323, 2.995427044935262, 4.0466623174122756, 5.291159452392737, 3.594447183475287, 5.981843237974935, 7.307476368132338, 5.047518616864876, 3.2949371142052755, 2.9954270449352602, 7.307476368132342, 2.304743259353071, 5.157808020256038, 1.0150393352308509, 5.535969229501561, 7.271547162097146, 10.557473424406826, 7.606986437402355, 5.686053920813718, 11.04504465605765, 17.312942585690884, 6.580863376514955, 13.945617356740383, 3.2949371142052755, 4.584641038327495, 2.6042533286230807, 7.998160153714538, 7.606986437402352, 
 MINIMUM: 1.0150393352308509
 TIME: 0.5271265046999664
Standard Deviation: 3.4987392107538366
Avg result: 6.128432887585173

Function dimenssion: 10
17.964660368049525, 18.611502811863495, 21.34636611360086, 7.619798414974259, 22.348433310581797, 13.313220920168519, 8.334389125450503, 11.916018720521095, 16.882817078167676, 9.2767803521802, 19.28224656973875, 12.45520833896466, 18.371823262689954, 16.57524586841695, 20.352210972394353, 13.867547821858977, 5.899190442828349, 5.599680373558337, 8.179088221802775, 10.2669742070324, 18.26799693093865, 11.360839923749271, 14.878533599499498, 11.340899896042309, 16.295830376699072, 11.907946424110094, 9.600191735511466, 17.333355534853588, 15.329537835908118, 17.32576017409557, 
 MINIMUM: 5.599680373558337
 TIME: 2.07581415913337
Standard Deviation: 4.601159079025389
Avg result: 14.070136524208372

Function dimenssion: 30
48.09641415271827, 48.64762719411607, 33.13271910728372, 44.21182159131325, 34.981552677556444, 40.72673355212994, 45.24585678793359, 50.59621167957246, 36.079239262836396, 54.80824134179218, 47.386442987282344, 53.01145989751218, 35.575984395525495, 40.09954078310015, 38.79431247199831, 35.95498041620287, 40.85416624452936, 38.46677011007117, 53.310390542015355, 52.17719876097338, 22.971170222057076, 47.91295767673156, 74.59992672839455, 37.036812630112976, 46.567373362936834, 54.39346497413354, 51.442823437283806, 42.87035396414333, 37.50050293722302, 43.493429755160655, 
 MINIMUM: 22.971170222057076
 TIME: 18.023419158566686
Standard Deviation: 9.291722172803334
Avg result: 44.36488265482134


