Function dimenssion: 5
-3.619815457807132, -3.6459046456166044, -3.652193578101867, -3.6544134845187606, -3.652554388563643, -3.4622526566693077, -3.6948545401426216, -3.6544134845187606, -3.4453365540401863, -3.6665015841483886, -3.4905144159397636, -3.3663239056528376, -3.291566872380473, -3.4919563024579645, -3.1746189091428514, -3.339783413062179, -3.671179471633698, -3.6547163153087183, -3.6200770005448906, -3.431122930521221, -3.6842070876856146, -3.4025057683316122, -3.6253689945361485, -3.3335316007313356, -3.665757515832204, -3.6477666991503894, -3.493590988959817, -3.652644564211202, -3.471541346374743, -3.475948281636493, 
 MINIMUM: -3.6948545401426216
 TIME: 0.4620776430332626
Standard Deviation: 0.13945171048061045
Avg result: -3.537765425274048

Function dimenssion: 10
-7.6096464185027655, -8.370633798183338, -7.771864017557622, -8.454032927822215, -8.346221829097939, -8.023585365858512, -8.14820477089776, -7.4908957358044646, -7.763019448476478, -7.603236609929379, -7.899855443934093, -8.123167014743695, -7.693174991376694, -7.986857169405692, -7.975657148923838, -8.126618056096024, -7.020579746754357, -7.920751757268055, -7.845593185908331, -7.900608119197493, -7.254955847393922, -8.383398920914253, -7.8075496895094325, -7.932471295379222, -7.794530465162968, -8.014869235851004, -8.202603592090025, -7.889543929542177, -7.863668671264379, -7.942726189819618, 
 MINIMUM: -8.454032927822215
 TIME: 1.718418264000017
Standard Deviation: 0.3104287735538254
Avg result: -7.9053507130888585

Function dimenssion: 30
-24.636458458294, -24.634776244011025, -25.68026597881013, -25.816204454652283, -24.515414443197365, -25.14263095099324, -25.985858507931066, -25.418801435769282, -24.838927573328657, -24.864570365683004, -24.88261343891545, -25.54417010507843, -25.523937175187275, -26.47337061682508, -25.302902951709733, -25.414054093202505, -25.164293286577475, -24.152737481958656, -24.407989695106405, -25.762577455941237, -25.173476291830564, -24.804897344832174, -24.54059088250805, -24.89911456310574, -25.10431982452629, -24.848212966255353, -25.40440486345598, -25.195902291496186, -25.396893555657897, -25.505463838897317, 
 MINIMUM: -26.47337061682508
 TIME: 14.950028571366662
Standard Deviation: 0.5042972234879647
Avg result: -25.16786103785793

